70 -572662307
67 -572662307
52 -572662307
47 -572662307
39 -572662307
34 -572662307
27 -572662307
14 -572662307
12 -572662307
11 -572662307
10 -572662307
10 -572662307
8 -572662307
7 -572662307
7 -572662307
6 -572662307
5 -572662307
5 -572662307
5 -572662307
5 -572662307
5 -572662307
5 -572662307
5 -572662307
5 -572662307
5 -572662307
5 -572662307
5 -572662307
4 -572662307
4 -572662307
3 -572662307
2 -572662307
1 -572662307
1 -572662307
1 -572662307
1 -572662307
1 -572662307
0 -572662307
0 -572662307
0 -572662307
0 -572662307
0 -572662307
0 -572662307
301 217
210 207
35 23
19 17
25 7
10 7
